corpus A	release A	corpus B	release B	size A	size B	A∩B	A∩B/A	A∩B/B
Tatoeba	v2022-03-03	Tatoeba	v2023-04-12	8	9	8	100.00	88.88
Tatoeba	v2022-03-03	Tatoeba	v2020-11-09	8	8	8	100.00	100.00
Tatoeba	v2022-03-03	Tatoeba	v2021-03-10	8	8	8	100.00	100.00
Tatoeba	v2022-03-03	Tatoeba	v2021-07-22	8	8	8	100.00	100.00
Tatoeba	v2022-03-03	Tatoeba	v2020-05-31	8	7	7	87.50	100.00
Tatoeba	v2022-03-03	Tatoeba	v20190709	8	4	4	50.00	100.00
Tatoeba	v2022-03-03	NLLB	v1	8	1453358	1	12.50	0
Tatoeba	v2022-03-03	MultiCCAligned	v1	8	87942	1	12.50	0
Tatoeba	v2022-03-03	CCAligned	v1	8	87941	1	12.50	0
Tatoeba	v2022-03-03	XLEnt	v1.1	8	7865	1	12.50	.01
Tatoeba	v2022-03-03	XLEnt	v1.2	8	7865	1	12.50	.01
Tatoeba	v2022-03-03	XLEnt	v1	8	7865	1	12.50	.01
Tatoeba	v2022-03-03	wikimedia	v20230407	8	21	1	12.50	4.76
Tatoeba	v2022-03-03	wikimedia	v20210402	8	13	1	12.50	7.69
Tatoeba	v2022-03-03	bible-uedin	v1	8	15781	0	0	0
Tatoeba	v2022-03-03	Ubuntu	v14.10	8	221	0	0	0
